0.500000
-2.000000  0.773894
-1.990000  0.777674
-1.980000  0.781490
-1.970000  0.785343
-1.960000  0.789234
-1.950000  0.793163
-1.940000  0.797131
-1.930000  0.801138
-1.920000  0.805186
-1.910000  0.809274
-1.900000  0.813403
-1.890000  0.817574
-1.880000  0.821787
-1.870000  0.826043
-1.860000  0.830343
-1.850000  0.834688
-1.840000  0.839077
-1.830000  0.843513
-1.820000  0.847994
-1.810000  0.852523
-1.800000  0.857100
-1.790000  0.861726
-1.780000  0.866401
-1.770000  0.871126
-1.760000  0.875902
-1.750000  0.880730
-1.740000  0.885611
-1.730000  0.890546
-1.720000  0.895535
-1.710000  0.900579
-1.700000  0.905679
-1.690000  0.910837
-1.680000  0.916053
-1.670000  0.921328
-1.660000  0.926663
-1.650000  0.932059
-1.640000  0.937517
-1.630000  0.943039
-1.620000  0.948624
-1.610000  0.954276
-1.600000  0.959994
-1.590000  0.965779
-1.580000  0.971634
-1.570000  0.977559
-1.560000  0.983555
-1.550000  0.989624
-1.540000  0.995766
-1.530000  1.001985
-1.520000  1.008279
-1.510000  1.014652
-1.500000  1.021105
-1.490000  1.027639
-1.480000  1.034255
-1.470000  1.040955
-1.460000  1.047741
-1.450000  1.054614
-1.440000  1.061576
-1.430000  1.068629
-1.420000  1.075774
-1.410000  1.083014
-1.400000  1.090350
-1.390000  1.097783
-1.380000  1.105317
-1.370000  1.112952
-1.360000  1.120692
-1.350000  1.128537
-1.340000  1.136491
-1.330000  1.144555
-1.320000  1.152732
-1.310000  1.161024
-1.300000  1.169434
-1.290000  1.177963
-1.280000  1.186615
-1.270000  1.195392
-1.260000  1.204296
-1.250000  1.213332
-1.240000  1.222500
-1.230000  1.231805
-1.220000  1.241249
-1.210000  1.250835
-1.200000  1.260567
-1.190000  1.270448
-1.180000  1.280481
-1.170000  1.290670
-1.160000  1.301017
-1.150000  1.311528
-1.140000  1.322206
-1.130000  1.333054
-1.120000  1.344077
-1.110000  1.355279
-1.100000  1.366664
-1.090000  1.378236
-1.080000  1.390001
-1.070000  1.401963
-1.060000  1.414127
-1.050000  1.426497
-1.040000  1.439079
-1.030000  1.451879
-1.020000  1.464902
-1.010000  1.478154
-1.000000  1.491641
-0.990000  1.505368
-0.980000  1.519343
-0.970000  1.533572
-0.960000  1.548061
-0.950000  1.562818
-0.940000  1.577851
-0.930000  1.593166
-0.920000  1.608771
-0.910000  1.624676
-0.900000  1.640888
-0.890000  1.657416
-0.880000  1.674269
-0.870000  1.691457
-0.860000  1.708989
-0.850000  1.726876
-0.840000  1.745129
-0.830000  1.763758
-0.820000  1.782775
-0.810000  1.802193
-0.800000  1.822023
-0.790000  1.842278
-0.780000  1.862973
-0.770000  1.884121
-0.760000  1.905737
-0.750000  1.927836
-0.740000  1.950435
-0.730000  1.973550
-0.720000  1.997199
-0.710000  2.021400
-0.700000  2.046173
-0.690000  2.071537
-0.680000  2.097513
-0.670000  2.124124
-0.660000  2.151393
-0.650000  2.179344
-0.640000  2.208002
-0.630000  2.237394
-0.620000  2.267548
-0.610000  2.298494
-0.600000  2.330263
-0.590000  2.362888
-0.580000  2.396403
-0.570000  2.430845
-0.560000  2.466251
-0.550000  2.502664
-0.540000  2.540126
-0.530000  2.578682
-0.520000  2.618381
-0.510000  2.659273
-0.500000  2.701414
-0.490000  2.744860
-0.480000  2.789673
-0.470000  2.835919
-0.460000  2.883667
-0.450000  2.932992
-0.440000  2.983973
-0.430000  3.036695
-0.420000  3.091249
-0.410000  3.147733
-0.400000  3.206253
-0.390000  3.266921
-0.380000  3.329861
-0.370000  3.395203
-0.360000  3.463092
-0.350000  3.533681
-0.340000  3.607139
-0.330000  3.683650
-0.320000  3.763415
-0.310000  3.846652
-0.300000  3.933603
-0.290000  4.024533
-0.280000  4.119735
-0.270000  4.219533
-0.260000  4.324288
-0.250000  4.434402
-0.240000  4.550328
-0.230000  4.672572
-0.220000  4.801711
-0.210000  4.938398
-0.200000  5.083382
-0.190000  5.237523
-0.180000  5.401822
-0.170000  5.577446
-0.160000  5.765771
-0.150000  5.968438
-0.140000  6.187421
-0.130000  6.425126
-0.120000  6.684533
-0.110000  6.969388
-0.100000  7.284497
-0.090000  7.636175
-0.080000  8.032951
-0.070000  8.486752
-0.060000  9.015007
-0.050000  9.644680
-0.040000  10.420854
-0.030000  11.427898
-0.020000  12.854955
-0.010000  15.304876
0.000000  nan
0.010000  15.304876
0.020000  12.854955
0.030000  11.427898
0.040000  10.420854
0.050000  9.644680
0.060000  9.015007
0.070000  8.486752
0.080000  8.032951
0.090000  7.636175
0.100000  7.284497
0.110000  6.969388
0.120000  6.684533
0.130000  6.425126
0.140000  6.187421
0.150000  5.968438
0.160000  5.765771
0.170000  5.577446
0.180000  5.401822
0.190000  5.237523
0.200000  5.083382
0.210000  4.938398
0.220000  4.801711
0.230000  4.672572
0.240000  4.550328
0.250000  4.434402
0.260000  4.324288
0.270000  4.219533
0.280000  4.119735
0.290000  4.024533
0.300000  3.933603
0.310000  3.846652
0.320000  3.763415
0.330000  3.683650
0.340000  3.607139
0.350000  3.533681
0.360000  3.463092
0.370000  3.395203
0.380000  3.329861
0.390000  3.266921
0.400000  3.206253
0.410000  3.147733
0.420000  3.091249
0.430000  3.036695
0.440000  2.983973
0.450000  2.932992
0.460000  2.883667
0.470000  2.835919
0.480000  2.789673
0.490000  2.744860
0.500000  2.701414
0.510000  2.659273
0.520000  2.618381
0.530000  2.578682
0.540000  2.540126
0.550000  2.502664
0.560000  2.466251
0.570000  2.430845
0.580000  2.396403
0.590000  2.362888
0.600000  2.330263
0.610000  2.298494
0.620000  2.267548
0.630000  2.237394
0.640000  2.208002
0.650000  2.179344
0.660000  2.151393
0.670000  2.124124
0.680000  2.097513
0.690000  2.071537
0.700000  2.046173
0.710000  2.021400
0.720000  1.997199
0.730000  1.973550
0.740000  1.950435
0.750000  1.927836
0.760000  1.905737
0.770000  1.884121
0.780000  1.862973
0.790000  1.842278
0.800000  1.822023
0.810000  1.802193
0.820000  1.782775
0.830000  1.763758
0.840000  1.745129
0.850000  1.726876
0.860000  1.708989
0.870000  1.691457
0.880000  1.674269
0.890000  1.657416
0.900000  1.640888
0.910000  1.624676
0.920000  1.608771
0.930000  1.593166
0.940000  1.577851
0.950000  1.562818
0.960000  1.548061
0.970000  1.533572
0.980000  1.519343
0.990000  1.505368
1.000000  1.491641
1.010000  1.478154
1.020000  1.464902
1.030000  1.451879
1.040000  1.439079
1.050000  1.426497
1.060000  1.414127
1.070000  1.401963
1.080000  1.390001
1.090000  1.378236
1.100000  1.366664
1.110000  1.355279
1.120000  1.344077
1.130000  1.333054
1.140000  1.322206
1.150000  1.311528
1.160000  1.301017
1.170000  1.290670
1.180000  1.280481
1.190000  1.270448
1.200000  1.260567
1.210000  1.250835
1.220000  1.241249
1.230000  1.231805
1.240000  1.222500
1.250000  1.213332
1.260000  1.204296
1.270000  1.195392
1.280000  1.186615
1.290000  1.177963
1.300000  1.169434
1.310000  1.161024
1.320000  1.152732
1.330000  1.144555
1.340000  1.136491
1.350000  1.128537
1.360000  1.120692
1.370000  1.112952
1.380000  1.105317
1.390000  1.097783
1.400000  1.090350
1.410000  1.083014
1.420000  1.075774
1.430000  1.068629
1.440000  1.061576
1.450000  1.054614
1.460000  1.047741
1.470000  1.040955
1.480000  1.034255
1.490000  1.027639
1.500000  1.021105
1.510000  1.014652
1.520000  1.008279
1.530000  1.001985
1.540000  0.995766
1.550000  0.989624
1.560000  0.983555
1.570000  0.977559
1.580000  0.971634
1.590000  0.965779
1.600000  0.959994
1.610000  0.954276
1.620000  0.948624
1.630000  0.943039
1.640000  0.937517
1.650000  0.932059
1.660000  0.926663
1.670000  0.921328
1.680000  0.916053
1.690000  0.910837
1.700000  0.905679
1.710000  0.900579
1.720000  0.895535
1.730000  0.890546
1.740000  0.885611
1.750000  0.880730
1.760000  0.875902
1.770000  0.871126
1.780000  0.866401
1.790000  0.861726
1.800000  0.857100
1.810000  0.852523
1.820000  0.847994
1.830000  0.843513
1.840000  0.839077
1.850000  0.834688
1.860000  0.830343
1.870000  0.826043
1.880000  0.821787
1.890000  0.817574
1.900000  0.813403
1.910000  0.809274
1.920000  0.805186
1.930000  0.801138
1.940000  0.797131
1.950000  0.793163
1.960000  0.789234
1.970000  0.785343
1.980000  0.781490
1.990000  0.777674
2.000000  0.773894
1.000000
-2.000000  0.745820
-1.990000  0.749237
-1.980000  0.752684
-1.970000  0.756162
-1.960000  0.759672
-1.950000  0.763213
-1.940000  0.766786
-1.930000  0.770392
-1.920000  0.774031
-1.910000  0.777703
-1.900000  0.781409
-1.890000  0.785150
-1.880000  0.788925
-1.870000  0.792736
-1.860000  0.796583
-1.850000  0.800466
-1.840000  0.804386
-1.830000  0.808343
-1.820000  0.812338
-1.810000  0.816371
-1.800000  0.820444
-1.790000  0.824556
-1.780000  0.828708
-1.770000  0.832900
-1.760000  0.837134
-1.750000  0.841410
-1.740000  0.845728
-1.730000  0.850089
-1.720000  0.854494
-1.710000  0.858944
-1.700000  0.863438
-1.690000  0.867978
-1.680000  0.872564
-1.670000  0.877198
-1.660000  0.881879
-1.650000  0.886609
-1.640000  0.891388
-1.630000  0.896217
-1.620000  0.901096
-1.610000  0.906028
-1.600000  0.911011
-1.590000  0.916048
-1.580000  0.921139
-1.570000  0.926285
-1.560000  0.931486
-1.550000  0.936745
-1.540000  0.942060
-1.530000  0.947435
-1.520000  0.952868
-1.510000  0.958363
-1.500000  0.963918
-1.490000  0.969536
-1.480000  0.975218
-1.470000  0.980963
-1.460000  0.986775
-1.450000  0.992653
-1.440000  0.998600
-1.430000  1.004615
-1.420000  1.010700
-1.410000  1.016857
-1.400000  1.023086
-1.390000  1.029390
-1.380000  1.035768
-1.370000  1.042224
-1.360000  1.048757
-1.350000  1.055369
-1.340000  1.062062
-1.330000  1.068838
-1.320000  1.075697
-1.310000  1.082641
-1.300000  1.089672
-1.290000  1.096791
-1.280000  1.104001
-1.270000  1.111302
-1.260000  1.118697
-1.250000  1.126187
-1.240000  1.133774
-1.230000  1.141460
-1.220000  1.149247
-1.210000  1.157137
-1.200000  1.165132
-1.190000  1.173233
-1.180000  1.181444
-1.170000  1.189766
-1.160000  1.198201
-1.150000  1.206753
-1.140000  1.215422
-1.130000  1.224212
-1.120000  1.233126
-1.110000  1.242165
-1.100000  1.251332
-1.090000  1.260631
-1.080000  1.270063
-1.070000  1.279632
-1.060000  1.289341
-1.050000  1.299193
-1.040000  1.309190
-1.030000  1.319337
-1.020000  1.329637
-1.010000  1.340092
-1.000000  1.350707
-0.990000  1.361485
-0.980000  1.372430
-0.970000  1.383546
-0.960000  1.394837
-0.950000  1.406306
-0.940000  1.417960
-0.930000  1.429800
-0.920000  1.441834
-0.910000  1.454064
-0.900000  1.466496
-0.890000  1.479135
-0.880000  1.491986
-0.870000  1.505055
-0.860000  1.518347
-0.850000  1.531868
-0.840000  1.545624
-0.830000  1.559622
-0.820000  1.573867
-0.810000  1.588366
-0.800000  1.603126
-0.790000  1.618156
-0.780000  1.633461
-0.770000  1.649050
-0.760000  1.664930
-0.750000  1.681112
-0.740000  1.697602
-0.730000  1.714410
-0.720000  1.731546
-0.710000  1.749019
-0.700000  1.766840
-0.690000  1.785020
-0.680000  1.803569
-0.670000  1.822500
-0.660000  1.841825
-0.650000  1.861556
-0.640000  1.881707
-0.630000  1.902292
-0.620000  1.923326
-0.610000  1.944824
-0.600000  1.966802
-0.590000  1.989277
-0.580000  2.012267
-0.570000  2.035790
-0.560000  2.059867
-0.550000  2.084519
-0.540000  2.109766
-0.530000  2.135633
-0.520000  2.162144
-0.510000  2.189324
-0.500000  2.217201
-0.490000  2.245804
-0.480000  2.275164
-0.470000  2.305313
-0.460000  2.336286
-0.450000  2.368121
-0.440000  2.400856
-0.430000  2.434533
-0.420000  2.469199
-0.410000  2.504901
-0.400000  2.541691
-0.390000  2.579624
-0.380000  2.618762
-0.370000  2.659167
-0.360000  2.700911
-0.350000  2.744069
-0.340000  2.788723
-0.330000  2.834962
-0.320000  2.882885
-0.310000  2.932599
-0.300000  2.984219
-0.290000  3.037875
-0.280000  3.093710
-0.270000  3.151881
-0.260000  3.212563
-0.250000  3.275952
-0.240000  3.342267
-0.230000  3.411754
-0.220000  3.484694
-0.210000  3.561404
-0.200000  3.642249
-0.190000  3.727648
-0.180000  3.818088
-0.170000  3.914139
-0.160000  4.016475
-0.150000  4.125898
-0.140000  4.243376
-0.130000  4.370089
-0.120000  4.507504
-0.110000  4.657463
-0.100000  4.822340
-0.090000  5.005254
-0.080000  5.210427
-0.070000  5.443773
-0.060000  5.713949
-0.050000  6.034365
-0.040000  6.427477
-0.030000  6.935360
-0.020000  7.652438
-0.010000  8.879923
0.000000  nan
0.010000  8.879923
0.020000  7.652438
0.030000  6.935360
0.040000  6.427477
0.050000  6.034365
0.060000  5.713949
0.070000  5.443773
0.080000  5.210427
0.090000  5.005254
0.100000  4.822340
0.110000  4.657463
0.120000  4.507504
0.130000  4.370089
0.140000  4.243376
0.150000  4.125898
0.160000  4.016475
0.170000  3.914139
0.180000  3.818088
0.190000  3.727648
0.200000  3.642249
0.210000  3.561404
0.220000  3.484694
0.230000  3.411754
0.240000  3.342267
0.250000  3.275952
0.260000  3.212563
0.270000  3.151881
0.280000  3.093710
0.290000  3.037875
0.300000  2.984219
0.310000  2.932599
0.320000  2.882885
0.330000  2.834962
0.340000  2.788723
0.350000  2.744069
0.360000  2.700911
0.370000  2.659167
0.380000  2.618762
0.390000  2.579624
0.400000  2.541691
0.410000  2.504901
0.420000  2.469199
0.430000  2.434533
0.440000  2.400856
0.450000  2.368121
0.460000  2.336286
0.470000  2.305313
0.480000  2.275164
0.490000  2.245804
0.500000  2.217201
0.510000  2.189324
0.520000  2.162144
0.530000  2.135633
0.540000  2.109766
0.550000  2.084519
0.560000  2.059867
0.570000  2.035790
0.580000  2.012267
0.590000  1.989277
0.600000  1.966802
0.610000  1.944824
0.620000  1.923326
0.630000  1.902292
0.640000  1.881707
0.650000  1.861556
0.660000  1.841825
0.670000  1.822500
0.680000  1.803569
0.690000  1.785020
0.700000  1.766840
0.710000  1.749019
0.720000  1.731546
0.730000  1.714410
0.740000  1.697602
0.750000  1.681112
0.760000  1.664930
0.770000  1.649050
0.780000  1.633461
0.790000  1.618156
0.800000  1.603126
0.810000  1.588366
0.820000  1.573867
0.830000  1.559622
0.840000  1.545624
0.850000  1.531868
0.860000  1.518347
0.870000  1.505055
0.880000  1.491986
0.890000  1.479135
0.900000  1.466496
0.910000  1.454064
0.920000  1.441834
0.930000  1.429800
0.940000  1.417960
0.950000  1.406306
0.960000  1.394837
0.970000  1.383546
0.980000  1.372430
0.990000  1.361485
1.000000  1.350707
1.010000  1.340092
1.020000  1.329637
1.030000  1.319337
1.040000  1.309190
1.050000  1.299193
1.060000  1.289341
1.070000  1.279632
1.080000  1.270063
1.090000  1.260631
1.100000  1.251332
1.110000  1.242165
1.120000  1.233126
1.130000  1.224212
1.140000  1.215422
1.150000  1.206753
1.160000  1.198201
1.170000  1.189766
1.180000  1.181444
1.190000  1.173233
1.200000  1.165132
1.210000  1.157137
1.220000  1.149247
1.230000  1.141460
1.240000  1.133774
1.250000  1.126187
1.260000  1.118697
1.270000  1.111302
1.280000  1.104001
1.290000  1.096791
1.300000  1.089672
1.310000  1.082641
1.320000  1.075697
1.330000  1.068838
1.340000  1.062062
1.350000  1.055369
1.360000  1.048757
1.370000  1.042224
1.380000  1.035768
1.390000  1.029390
1.400000  1.023086
1.410000  1.016857
1.420000  1.010700
1.430000  1.004615
1.440000  0.998600
1.450000  0.992653
1.460000  0.986775
1.470000  0.980963
1.480000  0.975218
1.490000  0.969536
1.500000  0.963918
1.510000  0.958363
1.520000  0.952868
1.530000  0.947435
1.540000  0.942060
1.550000  0.936745
1.560000  0.931486
1.570000  0.926285
1.580000  0.921139
1.590000  0.916048
1.600000  0.911011
1.610000  0.906028
1.620000  0.901096
1.630000  0.896217
1.640000  0.891388
1.650000  0.886609
1.660000  0.881879
1.670000  0.877198
1.680000  0.872564
1.690000  0.867978
1.700000  0.863438
1.710000  0.858944
1.720000  0.854494
1.730000  0.850089
1.740000  0.845728
1.750000  0.841410
1.760000  0.837134
1.770000  0.832900
1.780000  0.828708
1.790000  0.824556
1.800000  0.820444
1.810000  0.816371
1.820000  0.812338
1.830000  0.808343
1.840000  0.804386
1.850000  0.800466
1.860000  0.796583
1.870000  0.792736
1.880000  0.788925
1.890000  0.785150
1.900000  0.781409
1.910000  0.777703
1.920000  0.774031
1.930000  0.770392
1.940000  0.766786
1.950000  0.763213
1.960000  0.759672
1.970000  0.756162
1.980000  0.752684
1.990000  0.749237
2.000000  0.745820
1.500000
-2.000000  0.711047
-1.990000  0.714076
-1.980000  0.717131
-1.970000  0.720211
-1.960000  0.723317
-1.950000  0.726448
-1.940000  0.729605
-1.930000  0.732790
-1.920000  0.736001
-1.910000  0.739239
-1.900000  0.742504
-1.890000  0.745798
-1.880000  0.749120
-1.870000  0.752470
-1.860000  0.755849
-1.850000  0.759258
-1.840000  0.762696
-1.830000  0.766165
-1.820000  0.769664
-1.810000  0.773193
-1.800000  0.776754
-1.790000  0.780347
-1.780000  0.783972
-1.770000  0.787629
-1.760000  0.791320
-1.750000  0.795043
-1.740000  0.798801
-1.730000  0.802593
-1.720000  0.806420
-1.710000  0.810282
-1.700000  0.814179
-1.690000  0.818113
-1.680000  0.822084
-1.670000  0.826092
-1.660000  0.830137
-1.650000  0.834221
-1.640000  0.838344
-1.630000  0.842506
-1.620000  0.846709
-1.610000  0.850951
-1.600000  0.855235
-1.590000  0.859561
-1.580000  0.863928
-1.570000  0.868339
-1.560000  0.872794
-1.550000  0.877292
-1.540000  0.881835
-1.530000  0.886424
-1.520000  0.891059
-1.510000  0.895742
-1.500000  0.900471
-1.490000  0.905249
-1.480000  0.910076
-1.470000  0.914953
-1.460000  0.919881
-1.450000  0.924860
-1.440000  0.929891
-1.430000  0.934975
-1.420000  0.940114
-1.410000  0.945306
-1.400000  0.950555
-1.390000  0.955860
-1.380000  0.961222
-1.370000  0.966643
-1.360000  0.972123
-1.350000  0.977664
-1.340000  0.983266
-1.330000  0.988930
-1.320000  0.994658
-1.310000  1.000450
-1.300000  1.006307
-1.290000  1.012232
-1.280000  1.018224
-1.270000  1.024285
-1.260000  1.030416
-1.250000  1.036619
-1.240000  1.042895
-1.230000  1.049244
-1.220000  1.055669
-1.210000  1.062171
-1.200000  1.068751
-1.190000  1.075410
-1.180000  1.082151
-1.170000  1.088974
-1.160000  1.095881
-1.150000  1.102874
-1.140000  1.109954
-1.130000  1.117123
-1.120000  1.124382
-1.110000  1.131734
-1.100000  1.139181
-1.090000  1.146723
-1.080000  1.154364
-1.070000  1.162104
-1.060000  1.169947
-1.050000  1.177894
-1.040000  1.185946
-1.030000  1.194108
-1.020000  1.202380
-1.010000  1.210765
-1.000000  1.219265
-0.990000  1.227883
-0.980000  1.236622
-0.970000  1.245484
-0.960000  1.254472
-0.950000  1.263588
-0.940000  1.272835
-0.930000  1.282217
-0.920000  1.291737
-0.910000  1.301397
-0.900000  1.311201
-0.890000  1.321152
-0.880000  1.331255
-0.870000  1.341511
-0.860000  1.351926
-0.850000  1.362502
-0.840000  1.373245
-0.830000  1.384158
-0.820000  1.395245
-0.810000  1.406511
-0.800000  1.417960
-0.790000  1.429598
-0.780000  1.441429
-0.770000  1.453459
-0.760000  1.465692
-0.750000  1.478134
-0.740000  1.490791
-0.730000  1.503670
-0.720000  1.516776
-0.710000  1.530116
-0.700000  1.543696
-0.690000  1.557524
-0.680000  1.571607
-0.670000  1.585953
-0.660000  1.600570
-0.650000  1.615467
-0.640000  1.630651
-0.630000  1.646133
-0.620000  1.661921
-0.610000  1.678027
-0.600000  1.694461
-0.590000  1.711233
-0.580000  1.728356
-0.570000  1.745841
-0.560000  1.763702
-0.550000  1.781953
-0.540000  1.800607
-0.530000  1.819681
-0.520000  1.839189
-0.510000  1.859149
-0.500000  1.879578
-0.490000  1.900496
-0.480000  1.921924
-0.470000  1.943881
-0.460000  1.966392
-0.450000  1.989479
-0.440000  2.013170
-0.430000  2.037492
-0.420000  2.062474
-0.410000  2.088147
-0.400000  2.114547
-0.390000  2.141709
-0.380000  2.169672
-0.370000  2.198480
-0.360000  2.228178
-0.350000  2.258815
-0.340000  2.290446
-0.330000  2.323129
-0.320000  2.356929
-0.310000  2.391916
-0.300000  2.428166
-0.290000  2.465764
-0.280000  2.504805
-0.270000  2.545392
-0.260000  2.587640
-0.250000  2.631678
-0.240000  2.677650
-0.230000  2.725720
-0.220000  2.776073
-0.210000  2.828917
-0.200000  2.884494
-0.190000  2.943082
-0.180000  3.005002
-0.170000  3.070633
-0.160000  3.140419
-0.150000  3.214893
-0.140000  3.294697
-0.130000  3.380615
-0.120000  3.473618
-0.110000  3.574933
-0.100000  3.686135
-0.090000  3.809299
-0.080000  3.947234
-0.070000  4.103875
-0.060000  4.284985
-0.050000  4.499495
-0.040000  4.762363
-0.030000  5.101625
-0.020000  5.580213
-0.010000  6.398907
0.000000  nan
0.010000  6.398907
0.020000  5.580213
0.030000  5.101625
0.040000  4.762363
0.050000  4.499495
0.060000  4.284985
0.070000  4.103875
0.080000  3.947234
0.090000  3.809299
0.100000  3.686135
0.110000  3.574933
0.120000  3.473618
0.130000  3.380615
0.140000  3.294697
0.150000  3.214893
0.160000  3.140419
0.170000  3.070633
0.180000  3.005002
0.190000  2.943082
0.200000  2.884494
0.210000  2.828917
0.220000  2.776073
0.230000  2.725720
0.240000  2.677650
0.250000  2.631678
0.260000  2.587640
0.270000  2.545392
0.280000  2.504805
0.290000  2.465764
0.300000  2.428166
0.310000  2.391916
0.320000  2.356929
0.330000  2.323129
0.340000  2.290446
0.350000  2.258815
0.360000  2.228178
0.370000  2.198480
0.380000  2.169672
0.390000  2.141709
0.400000  2.114547
0.410000  2.088147
0.420000  2.062474
0.430000  2.037492
0.440000  2.013170
0.450000  1.989479
0.460000  1.966392
0.470000  1.943881
0.480000  1.921924
0.490000  1.900496
0.500000  1.879578
0.510000  1.859149
0.520000  1.839189
0.530000  1.819681
0.540000  1.800607
0.550000  1.781953
0.560000  1.763702
0.570000  1.745841
0.580000  1.728356
0.590000  1.711233
0.600000  1.694461
0.610000  1.678027
0.620000  1.661921
0.630000  1.646133
0.640000  1.630651
0.650000  1.615467
0.660000  1.600570
0.670000  1.585953
0.680000  1.571607
0.690000  1.557524
0.700000  1.543696
0.710000  1.530116
0.720000  1.516776
0.730000  1.503670
0.740000  1.490791
0.750000  1.478134
0.760000  1.465692
0.770000  1.453459
0.780000  1.441429
0.790000  1.429598
0.800000  1.417960
0.810000  1.406511
0.820000  1.395245
0.830000  1.384158
0.840000  1.373245
0.850000  1.362502
0.860000  1.351926
0.870000  1.341511
0.880000  1.331255
0.890000  1.321152
0.900000  1.311201
0.910000  1.301397
0.920000  1.291737
0.930000  1.282217
0.940000  1.272835
0.950000  1.263588
0.960000  1.254472
0.970000  1.245484
0.980000  1.236622
0.990000  1.227883
1.000000  1.219265
1.010000  1.210765
1.020000  1.202380
1.030000  1.194108
1.040000  1.185946
1.050000  1.177894
1.060000  1.169947
1.070000  1.162104
1.080000  1.154364
1.090000  1.146723
1.100000  1.139181
1.110000  1.131734
1.120000  1.124382
1.130000  1.117123
1.140000  1.109954
1.150000  1.102874
1.160000  1.095881
1.170000  1.088974
1.180000  1.082151
1.190000  1.075410
1.200000  1.068751
1.210000  1.062171
1.220000  1.055669
1.230000  1.049244
1.240000  1.042895
1.250000  1.036619
1.260000  1.030416
1.270000  1.024285
1.280000  1.018224
1.290000  1.012232
1.300000  1.006307
1.310000  1.000450
1.320000  0.994658
1.330000  0.988930
1.340000  0.983266
1.350000  0.977664
1.360000  0.972123
1.370000  0.966643
1.380000  0.961222
1.390000  0.955860
1.400000  0.950555
1.410000  0.945306
1.420000  0.940114
1.430000  0.934975
1.440000  0.929891
1.450000  0.924860
1.460000  0.919881
1.470000  0.914953
1.480000  0.910076
1.490000  0.905249
1.500000  0.900471
1.510000  0.895742
1.520000  0.891059
1.530000  0.886424
1.540000  0.881835
1.550000  0.877292
1.560000  0.872794
1.570000  0.868339
1.580000  0.863928
1.590000  0.859561
1.600000  0.855235
1.610000  0.850951
1.620000  0.846709
1.630000  0.842506
1.640000  0.838344
1.650000  0.834221
1.660000  0.830137
1.670000  0.826092
1.680000  0.822084
1.690000  0.818113
1.700000  0.814179
1.710000  0.810282
1.720000  0.806420
1.730000  0.802593
1.740000  0.798801
1.750000  0.795043
1.760000  0.791320
1.770000  0.787629
1.780000  0.783972
1.790000  0.780347
1.800000  0.776754
1.810000  0.773193
1.820000  0.769664
1.830000  0.766165
1.840000  0.762696
1.850000  0.759258
1.860000  0.755849
1.870000  0.752470
1.880000  0.749120
1.890000  0.745798
1.900000  0.742504
1.910000  0.739239
1.920000  0.736001
1.930000  0.732790
1.940000  0.729605
1.950000  0.726448
1.960000  0.723317
1.970000  0.720211
1.980000  0.717131
1.990000  0.714076
2.000000  0.711047
2.000000
-2.000000  0.675353
-1.990000  0.678038
-1.980000  0.680742
-1.970000  0.683468
-1.960000  0.686215
-1.950000  0.688983
-1.940000  0.691773
-1.930000  0.694585
-1.920000  0.697418
-1.910000  0.700274
-1.900000  0.703153
-1.890000  0.706055
-1.880000  0.708980
-1.870000  0.711928
-1.860000  0.714900
-1.850000  0.717896
-1.840000  0.720917
-1.830000  0.723962
-1.820000  0.727032
-1.810000  0.730127
-1.800000  0.733248
-1.790000  0.736395
-1.780000  0.739568
-1.770000  0.742767
-1.760000  0.745993
-1.750000  0.749247
-1.740000  0.752528
-1.730000  0.755836
-1.720000  0.759174
-1.710000  0.762539
-1.700000  0.765934
-1.690000  0.769358
-1.680000  0.772812
-1.670000  0.776296
-1.660000  0.779811
-1.650000  0.783356
-1.640000  0.786933
-1.630000  0.790542
-1.620000  0.794183
-1.610000  0.797857
-1.600000  0.801563
-1.590000  0.805303
-1.580000  0.809078
-1.570000  0.812887
-1.560000  0.816730
-1.550000  0.820610
-1.540000  0.824525
-1.530000  0.828477
-1.520000  0.832465
-1.510000  0.836491
-1.500000  0.840556
-1.490000  0.844659
-1.480000  0.848801
-1.470000  0.852983
-1.460000  0.857205
-1.450000  0.861468
-1.440000  0.865773
-1.430000  0.870120
-1.420000  0.874510
-1.410000  0.878943
-1.400000  0.883420
-1.390000  0.887942
-1.380000  0.892510
-1.370000  0.897124
-1.360000  0.901785
-1.350000  0.906493
-1.340000  0.911250
-1.330000  0.916056
-1.320000  0.920913
-1.310000  0.925820
-1.300000  0.930778
-1.290000  0.935789
-1.280000  0.940854
-1.270000  0.945972
-1.260000  0.951146
-1.250000  0.956376
-1.240000  0.961663
-1.230000  0.967008
-1.220000  0.972412
-1.210000  0.977876
-1.200000  0.983401
-1.190000  0.988988
-1.180000  0.994638
-1.170000  1.000353
-1.160000  1.006133
-1.150000  1.011980
-1.140000  1.017895
-1.130000  1.023879
-1.120000  1.029934
-1.110000  1.036060
-1.100000  1.042259
-1.090000  1.048533
-1.080000  1.054883
-1.070000  1.061310
-1.060000  1.067817
-1.050000  1.074403
-1.040000  1.081072
-1.030000  1.087824
-1.020000  1.094662
-1.010000  1.101587
-1.000000  1.108601
-0.990000  1.115705
-0.980000  1.122902
-0.970000  1.130194
-0.960000  1.137582
-0.950000  1.145069
-0.940000  1.152656
-0.930000  1.160347
-0.920000  1.168143
-0.910000  1.176047
-0.900000  1.184060
-0.890000  1.192186
-0.880000  1.200428
-0.870000  1.208787
-0.860000  1.217267
-0.850000  1.225870
-0.840000  1.234600
-0.830000  1.243459
-0.820000  1.252451
-0.810000  1.261578
-0.800000  1.270845
-0.790000  1.280256
-0.780000  1.289812
-0.770000  1.299519
-0.760000  1.309381
-0.750000  1.319401
-0.740000  1.329584
-0.730000  1.339934
-0.720000  1.350455
-0.710000  1.361154
-0.700000  1.372034
-0.690000  1.383102
-0.680000  1.394361
-0.670000  1.405819
-0.660000  1.417481
-0.650000  1.429354
-0.640000  1.441443
-0.630000  1.453756
-0.620000  1.466299
-0.610000  1.479081
-0.600000  1.492109
-0.590000  1.505392
-0.580000  1.518938
-0.570000  1.532756
-0.560000  1.546855
-0.550000  1.561247
-0.540000  1.575941
-0.530000  1.590948
-0.520000  1.606282
-0.510000  1.621953
-0.500000  1.637976
-0.490000  1.654364
-0.480000  1.671133
-0.470000  1.688299
-0.460000  1.705877
-0.450000  1.723887
-0.440000  1.742347
-0.430000  1.761278
-0.420000  1.780702
-0.410000  1.800642
-0.400000  1.821124
-0.390000  1.842175
-0.380000  1.863824
-0.370000  1.886102
-0.360000  1.909044
-0.350000  1.932686
-0.340000  1.957070
-0.330000  1.982238
-0.320000  2.008238
-0.310000  2.035122
-0.300000  2.062949
-0.290000  2.091781
-0.280000  2.121688
-0.270000  2.152747
-0.260000  2.185045
-0.250000  2.218677
-0.240000  2.253752
-0.230000  2.290391
-0.220000  2.328732
-0.210000  2.368931
-0.200000  2.411170
-0.190000  2.455655
-0.180000  2.502627
-0.170000  2.552369
-0.160000  2.605214
-0.150000  2.661559
-0.140000  2.721887
-0.130000  2.786782
-0.120000  2.856975
-0.110000  2.933381
-0.100000  3.017183
-0.090000  3.109934
-0.080000  3.213739
-0.070000  3.331548
-0.060000  3.467680
-0.050000  3.628832
-0.040000  3.826219
-0.030000  4.080864
-0.020000  4.439961
-0.010000  5.054088
0.000000  nan
0.010000  5.054088
0.020000  4.439961
0.030000  4.080864
0.040000  3.826219
0.050000  3.628832
0.060000  3.467680
0.070000  3.331548
0.080000  3.213739
0.090000  3.109934
0.100000  3.017183
0.110000  2.933381
0.120000  2.856975
0.130000  2.786782
0.140000  2.721887
0.150000  2.661559
0.160000  2.605214
0.170000  2.552369
0.180000  2.502627
0.190000  2.455655
0.200000  2.411170
0.210000  2.368931
0.220000  2.328732
0.230000  2.290391
0.240000  2.253752
0.250000  2.218677
0.260000  2.185045
0.270000  2.152747
0.280000  2.121688
0.290000  2.091781
0.300000  2.062949
0.310000  2.035122
0.320000  2.008238
0.330000  1.982238
0.340000  1.957070
0.350000  1.932686
0.360000  1.909044
0.370000  1.886102
0.380000  1.863824
0.390000  1.842175
0.400000  1.821124
0.410000  1.800642
0.420000  1.780702
0.430000  1.761278
0.440000  1.742347
0.450000  1.723887
0.460000  1.705877
0.470000  1.688299
0.480000  1.671133
0.490000  1.654364
0.500000  1.637976
0.510000  1.621953
0.520000  1.606282
0.530000  1.590948
0.540000  1.575941
0.550000  1.561247
0.560000  1.546855
0.570000  1.532756
0.580000  1.518938
0.590000  1.505392
0.600000  1.492109
0.610000  1.479081
0.620000  1.466299
0.630000  1.453756
0.640000  1.441443
0.650000  1.429354
0.660000  1.417481
0.670000  1.405819
0.680000  1.394361
0.690000  1.383102
0.700000  1.372034
0.710000  1.361154
0.720000  1.350455
0.730000  1.339934
0.740000  1.329584
0.750000  1.319401
0.760000  1.309381
0.770000  1.299519
0.780000  1.289812
0.790000  1.280256
0.800000  1.270845
0.810000  1.261578
0.820000  1.252451
0.830000  1.243459
0.840000  1.234600
0.850000  1.225870
0.860000  1.217267
0.870000  1.208787
0.880000  1.200428
0.890000  1.192186
0.900000  1.184060
0.910000  1.176047
0.920000  1.168143
0.930000  1.160347
0.940000  1.152656
0.950000  1.145069
0.960000  1.137582
0.970000  1.130194
0.980000  1.122902
0.990000  1.115705
1.000000  1.108601
1.010000  1.101587
1.020000  1.094662
1.030000  1.087824
1.040000  1.081072
1.050000  1.074403
1.060000  1.067817
1.070000  1.061310
1.080000  1.054883
1.090000  1.048533
1.100000  1.042259
1.110000  1.036060
1.120000  1.029934
1.130000  1.023879
1.140000  1.017895
1.150000  1.011980
1.160000  1.006133
1.170000  1.000353
1.180000  0.994638
1.190000  0.988988
1.200000  0.983401
1.210000  0.977876
1.220000  0.972412
1.230000  0.967008
1.240000  0.961663
1.250000  0.956376
1.260000  0.951146
1.270000  0.945972
1.280000  0.940854
1.290000  0.935789
1.300000  0.930778
1.310000  0.925820
1.320000  0.920913
1.330000  0.916056
1.340000  0.911250
1.350000  0.906493
1.360000  0.901785
1.370000  0.897124
1.380000  0.892510
1.390000  0.887942
1.400000  0.883420
1.410000  0.878943
1.420000  0.874510
1.430000  0.870120
1.440000  0.865773
1.450000  0.861468
1.460000  0.857205
1.470000  0.852983
1.480000  0.848801
1.490000  0.844659
1.500000  0.840556
1.510000  0.836491
1.520000  0.832465
1.530000  0.828477
1.540000  0.824525
1.550000  0.820610
1.560000  0.816730
1.570000  0.812887
1.580000  0.809078
1.590000  0.805303
1.600000  0.801563
1.610000  0.797857
1.620000  0.794183
1.630000  0.790542
1.640000  0.786933
1.650000  0.783356
1.660000  0.779811
1.670000  0.776296
1.680000  0.772812
1.690000  0.769358
1.700000  0.765934
1.710000  0.762539
1.720000  0.759174
1.730000  0.755836
1.740000  0.752528
1.750000  0.749247
1.760000  0.745993
1.770000  0.742767
1.780000  0.739568
1.790000  0.736395
1.800000  0.733248
1.810000  0.730127
1.820000  0.727032
1.830000  0.723962
1.840000  0.720917
1.850000  0.717896
1.860000  0.714900
1.870000  0.711928
1.880000  0.708980
1.890000  0.706055
1.900000  0.703153
1.910000  0.700274
1.920000  0.697418
1.930000  0.694585
1.940000  0.691773
1.950000  0.688983
1.960000  0.686215
1.970000  0.683468
1.980000  0.680742
1.990000  0.678038
2.000000  0.675353
